picante.time.source = naif0012.tls
picante.time.gps_tai_dt = 19.0
picante.time.deltet.delta_t_a = 32.184
picante.time.deltet.eb = 0.01671
picante.time.deltet.k = 0.001657
picante.time.deltet.m = 6.239996, 1.99096871E-7
picante.time.deltet.delta_at = 10.0, -8.83656E8, 11.0, -8.679312E8, 12.0, -8.520336E8, 13.0, -8.204976E8, 14.0, -7.889616E8, 15.0, -7.574256E8, 16.0, -7.258032E8, 17.0, -6.942672E8, 18.0, -6.627312E8, 19.0, -6.311952E8, 20.0, -5.839344E8, 21.0, -5.523984E8, 22.0, -5.208624E8, 23.0, -4.57704E8, 24.0, -3.787344E8, 25.0, -3.15576E8, 26.0, -2.8404E8, 27.0, -2.367792E8, 28.0, -2.052432E8, 29.0, -1.737072E8, 30.0, -1.262736E8, 31.0, -7.90128E7, 32.0, -3.15792E7, 33.0, 1.893456E8, 34.0, 2.8404E8, 35.0, 3.943728E8, 36.0, 4.889808E8, 37.0, 5.365008E8
